  0.000000E+00  1.006700E-01
  0.000000E+00  1.273627E+01
  8.000000E+00  1.444052E+01
  1.600000E+01  1.617449E+01
  2.400000E+01  1.789047E+01
  3.200000E+01  1.960388E+01
  4.000000E+01  2.132297E+01
  4.800000E+01  2.315142E+01
  5.600000E+01  2.495577E+01
  6.400000E+01  2.708472E+01
  7.200000E+01  2.904637E+01
  8.000000E+01  3.095707E+01
  8.800000E+01  3.265933E+01
  9.600000E+01  3.459710E+01
  1.040000E+02  3.647266E+01
  1.120000E+02  3.825271E+01
  1.200000E+02  3.999957E+01
  1.280000E+02  4.184024E+01
  1.360000E+02  4.360818E+01
  1.440000E+02  4.533966E+01
  1.520000E+02  4.719618E+01
  1.600000E+02  4.902186E+01
  1.680000E+02  5.069858E+01
  1.760000E+02  5.248754E+01
  1.840000E+02  5.423554E+01
  1.920000E+02  5.594122E+01
  2.000000E+02  5.771044E+01
  2.080000E+02  5.940782E+01
  2.160000E+02  6.117771E+01
  2.240000E+02  6.293678E+01
  2.320000E+02  6.469626E+01
  2.400000E+02  6.640997E+01
  2.480000E+02  6.819553E+01
  2.560000E+02  6.998632E+01
  2.640000E+02  7.176568E+01
  2.720000E+02  7.354480E+01
  2.800000E+02  7.530486E+01
  2.880000E+02  7.701311E+01
  2.960000E+02  7.888666E+01
  3.040000E+02  8.058303E+01
  3.120000E+02  8.236746E+01
  3.200000E+02  8.411069E+01
  3.280000E+02  8.583558E+01
  3.360000E+02  8.755482E+01
  3.440000E+02  8.934126E+01
  3.520000E+02  9.118797E+01
  3.600000E+02  9.287924E+01
  3.680000E+02  9.467055E+01
  3.760000E+02  9.664313E+01
  3.840000E+02  9.859632E+01
  3.920000E+02  1.003490E+02
  4.000000E+02  1.021949E+02
  4.080000E+02  1.038665E+02
  4.160000E+02  1.055655E+02
  4.240000E+02  1.074670E+02
  4.320000E+02  1.093931E+02
  4.400000E+02  1.113410E+02
  4.480000E+02  1.131828E+02
  4.560000E+02  1.148958E+02
  4.640000E+02  1.166720E+02
  4.720000E+02  1.184304E+02
  4.800000E+02  1.202578E+02
  4.880000E+02  1.220462E+02
  4.960000E+02  1.237878E+02
  5.040000E+02  1.254944E+02
  5.120000E+02  1.272434E+02


                Total cpu time used (secs) =  1.2724345E+02
