  0.000000E+00  2.500000E-01  7.500136E+02  3.554397E-02  5.500266E-02  6.184661E-02  1.225062E+01 -2.172636E-02
  0.000000E+00  2.500000E-01  7.500805E+02 -5.820547E-04  4.663640E-02 -3.044482E-02  1.226991E+01  2.348879E-02
  8.000000E+00  2.500000E-01  7.438426E+02  9.792887E+01 -1.091960E-02 -1.492904E+00  1.220743E+01  2.601909E-02
  1.600000E+01  2.500000E-01  7.254884E+02  1.942831E+02 -5.030569E-04 -3.017992E+00  1.184143E+01  5.331490E-02
  2.400000E+01  2.500000E-01  6.954607E+02  2.875743E+02 -2.754016E-02 -4.415437E+00  1.139684E+01  2.360612E-02
  3.200000E+01  2.500000E-01  6.540835E+02  3.759812E+02 -8.023928E-02 -5.820660E+00  1.068211E+01 -8.489129E-03
  4.000000E+01  2.500000E-01  6.022770E+02  4.585464E+02 -1.046850E-01 -7.075672E+00  9.901085E+00 -3.155724E-02
  4.800000E+01  2.500000E-01  5.407853E+02  5.337941E+02 -1.277681E-01 -8.196143E+00  8.899805E+00  1.779258E-02
  5.600000E+01  2.500000E-01  4.705864E+02  6.004979E+02 -1.369752E-01 -9.243727E+00  7.801714E+00  2.227810E-02
  6.400000E+01  2.500000E-01  3.932399E+02  6.576163E+02 -1.303084E-01 -1.010357E+01  6.547769E+00  5.502401E-02
  7.200000E+01  2.500000E-01  3.095596E+02  7.044820E+02 -1.929727E-01 -1.076813E+01  5.243382E+00  3.922054E-02
  8.000000E+01  2.500000E-01  2.209842E+02  7.403169E+02 -1.291379E-01 -1.131722E+01  3.781768E+00  2.900420E-02
  8.800000E+01  2.500000E-01  1.289315E+02  7.647563E+02 -2.060339E-01 -1.162414E+01  2.290962E+00 -2.297397E-02
  9.600000E+01  2.500000E-01  3.500981E+01  7.773159E+02 -1.722737E-01 -1.180615E+01  8.662410E-01 -2.112820E-02
  1.040000E+02  2.500000E-01 -5.941610E+01  7.780935E+02 -1.943544E-01 -1.177512E+01 -5.778635E-01  4.178580E-03
  1.120000E+02  2.500000E-01 -1.529959E+02  7.669089E+02 -2.298652E-01 -1.154835E+01 -2.116570E+00 -1.049112E-01
  1.200000E+02  2.500000E-01 -2.444258E+02  7.441590E+02 -1.009817E-01 -1.122694E+01 -3.520607E+00 -2.646784E-02
  1.280000E+02  2.500000E-01 -3.318969E+02  7.100658E+02 -2.359349E-01 -1.071047E+01 -4.927876E+00 -8.778039E-03
  1.360000E+02  2.500000E-01 -4.144691E+02  6.651613E+02 -1.837309E-01 -1.000719E+01 -6.265949E+00 -3.122640E-02
  1.440000E+02  2.500000E-01 -4.906255E+02  6.103271E+02 -6.848360E-02 -9.113950E+00 -7.426599E+00  1.832367E-04
  1.520000E+02  2.500000E-01 -5.594373E+02  5.462165E+02 -5.333748E-03 -8.088647E+00 -8.549377E+00  8.569251E-03
  1.600000E+02  2.500000E-01 -6.198278E+02  4.737283E+02 -6.786827E-02 -7.013306E+00 -9.528276E+00 -3.859636E-02
  1.680000E+02  2.500000E-01 -6.706020E+02  3.941201E+02 -2.474124E-03 -5.707479E+00 -1.035974E+01  1.546869E-02
  1.760000E+02  2.500000E-01 -7.112118E+02  3.083148E+02 -5.247873E-02 -4.419920E+00 -1.105318E+01 -1.320870E-02
  1.840000E+02  2.500000E-01 -7.407580E+02  2.179358E+02 -3.890360E-02 -2.991453E+00 -1.155318E+01  2.202744E-02
  1.920000E+02  2.500000E-01 -7.589812E+02  1.240138E+02 -5.950316E-02 -1.578528E+00 -1.187963E+01  3.174656E-02
  2.000000E+02  2.500000E-01 -7.653474E+02  2.818722E+01  5.486708E-03 -3.344348E-02 -1.206847E+01 -3.320050E-02
  2.080000E+02  2.500000E-01 -7.595712E+02 -6.799383E+01  1.127119E-02  1.411254E+00 -1.201049E+01 -1.274994E-02
  2.160000E+02  2.500000E-01 -7.417671E+02 -1.631333E+02 -3.806654E-02  2.937264E+00 -1.179903E+01  1.780130E-02
  2.240000E+02  2.500000E-01 -7.121332E+02 -2.557090E+02 -2.426547E-02  4.409579E+00 -1.136574E+01 -1.669765E-02
  2.320000E+02  2.500000E-01 -6.711519E+02 -3.440332E+02 -1.592899E-02  5.748819E+00 -1.072811E+01 -2.827273E-02
  2.400000E+02  2.500000E-01 -6.194096E+02 -4.270393E+02  2.964704E-02  7.104616E+00 -9.959836E+00 -2.827524E-02
  2.480000E+02  2.500000E-01 -5.577316E+02 -5.030062E+02  9.895411E-02  8.254715E+00 -9.046721E+00  2.676298E-02
  2.560000E+02  2.500000E-01 -4.867741E+02 -5.708668E+02  1.057180E-01  9.392377E+00 -7.976578E+00 -1.603383E-02
  2.640000E+02  2.500000E-01 -4.080301E+02 -6.294460E+02  1.664190E-01  1.020563E+01 -6.695038E+00  6.725251E-03
  2.720000E+02  2.500000E-01 -3.226204E+02 -6.778371E+02  1.005799E-01  1.099546E+01 -5.452717E+00  2.318284E-02
  2.800000E+02  2.500000E-01 -2.319859E+02 -7.152751E+02  1.560732E-01  1.159994E+01 -3.995879E+00 -4.029516E-02
  2.880000E+02  2.500000E-01 -1.376032E+02 -7.409892E+02  1.337177E-01  1.200824E+01 -2.521533E+00  2.246018E-02
  2.960000E+02  2.500000E-01 -4.107815E+01 -7.549028E+02  1.528728E-01  1.213302E+01 -1.048530E+00  6.565393E-02
  3.040000E+02  2.500000E-01  5.622151E+01 -7.564812E+02  1.768911E-01  1.216837E+01  4.928468E-01  7.549841E-02
  3.120000E+02  2.500000E-01  1.525537E+02 -7.462857E+02  2.166264E-01  1.190141E+01  1.988651E+00  3.542533E-02
  3.200000E+02  2.500000E-01  2.465065E+02 -7.239436E+02  1.522454E-01  1.151065E+01  3.504701E+00  1.487227E-02
  3.280000E+02  2.500000E-01  3.365077E+02 -6.904078E+02  2.054484E-01  1.095394E+01  4.866961E+00  3.811729E-02
  3.360000E+02  2.500000E-01  4.213068E+02 -6.460096E+02  1.221377E-01  1.013064E+01  6.180126E+00  9.031671E-02
  3.440000E+02  2.500000E-01  4.995494E+02 -5.916262E+02  1.049447E-01  9.331763E+00  7.410469E+00  2.611981E-02
  3.520000E+02  2.500000E-01  5.700469E+02 -5.280565E+02  7.974549E-02  8.331724E+00  8.470660E+00 -2.536916E-02
  3.600000E+02  2.500000E-01  6.318432E+02 -4.563414E+02  1.126874E-01  7.159975E+00  9.449155E+00 -3.921024E-02
  3.680000E+02  2.500000E-01  6.839969E+02 -3.777273E+02  9.744428E-02  5.913660E+00  1.028756E+01 -4.139424E-02
  3.760000E+02  2.500000E-01  7.257299E+02 -2.934179E+02  1.420723E-01  4.530690E+00  1.083751E+01  1.560550E-02
  3.840000E+02  2.500000E-01  7.564563E+02 -2.044487E+02  3.344721E-02  3.179717E+00  1.134177E+01 -2.612885E-02
  3.920000E+02  2.500000E-01  7.756073E+02 -1.125213E+02  5.807816E-02  1.666535E+00  1.164291E+01 -5.374108E-02
  4.000000E+02  2.500000E-01  7.831932E+02 -1.889557E+01  7.567949E-02  1.753053E-01  1.179950E+01 -5.391410E-03
  4.080000E+02  2.500000E-01  7.788856E+02  7.507542E+01 -9.042806E-03 -1.314032E+00  1.172396E+01  4.026323E-02
  4.160000E+02  2.500000E-01  7.626172E+02  1.678625E+02 -5.475204E-03 -2.711614E+00  1.147763E+01  2.575337E-02
  4.240000E+02  2.500000E-01  7.348105E+02  2.580303E+02 -1.487457E-02 -4.183289E+00  1.106669E+01  3.575059E-03
  4.320000E+02  2.500000E-01  6.958151E+02  3.442920E+02 -2.992959E-02 -5.541599E+00  1.047317E+01  3.081688E-02
  4.400000E+02  2.500000E-01  6.461112E+02  4.253006E+02 -5.543156E-02 -6.858124E+00  9.716071E+00  2.157446E-02
  4.480000E+02  2.500000E-01  5.863950E+02  4.997186E+02 -1.159377E-02 -8.138772E+00  8.842953E+00 -2.090357E-02
  4.560000E+02  2.500000E-01  5.175370E+02  5.664272E+02 -1.439312E-01 -9.096543E+00  7.801997E+00 -6.125955E-02
  4.640000E+02  2.500000E-01  4.405359E+02  6.240866E+02 -5.652121E-02 -1.002347E+01  6.607391E+00 -3.682873E-02
  4.720000E+02  2.500000E-01  3.566174E+02  6.720253E+02 -8.716507E-02 -1.085331E+01  5.346024E+00 -8.872794E-03
  4.800000E+02  2.500000E-01  2.670788E+02  7.092823E+02 -4.576742E-02 -1.143285E+01  4.035731E+00 -1.064953E-02
  4.880000E+02  2.500000E-01  1.732326E+02  7.351583E+02 -1.253390E-01 -1.194386E+01  2.497250E+00 -4.486184E-02
  4.960000E+02  2.500000E-01  7.662028E+01  7.492535E+02 -1.260288E-01 -1.217155E+01  1.029549E+00  1.460620E-03
  5.040000E+02  2.500000E-01 -2.121895E+01  7.511666E+02 -1.335339E-01 -1.223276E+01 -4.778004E-01 -3.757292E-02
  5.120000E+02  2.500000E-01 -1.187147E+02  7.410261E+02 -7.652927E-02 -1.209000E+01 -1.995788E+00  2.440170E-02
