  0.000000E+00  1.000000E+00  0.000000E+00  7.550194E+01 -2.989085E-01  0.000000E+00  7.520303E+01 -0.000000E+00
  0.000000E+00  1.000000E+00  1.000000E+00  7.550385E+01 -3.001516E-01 -3.211129E+02 -2.459092E+02 -0.000000E+00
  8.000000E+00  1.000000E+00  9.999000E-01  7.547199E+01 -3.046967E-01 -3.210769E+02 -2.459096E+02 -0.000000E+00
  1.600000E+01  1.000000E+00  9.996000E-01  7.530954E+01 -3.012855E-01 -3.209176E+02 -2.459093E+02 -1.078963E-03
  2.400000E+01  1.000000E+00  9.994000E-01  7.503502E+01 -3.015913E-01 -3.206416E+02 -2.459082E+02 -4.723934E-03
  3.200000E+01  1.000000E+00  9.994000E-01  7.465457E+01 -3.023629E-01 -3.202606E+02 -2.459084E+02 -3.887526E-03
  4.000000E+01  1.000000E+00  9.991000E-01  7.418109E+01 -3.001213E-01 -3.197909E+02 -2.459099E+02  8.709688E-04
  4.800000E+01  1.000000E+00  9.992000E-01  7.364369E+01 -3.024365E-01 -3.192517E+02 -2.459104E+02  2.691072E-03
  5.600000E+01  1.000000E+00  9.991000E-01  7.305351E+01 -2.985598E-01 -3.186647E+02 -2.459097E+02  3.703141E-04
  6.400000E+01  1.000000E+00  9.988000E-01  7.244644E+01 -3.033241E-01 -3.180529E+02 -2.459098E+02  5.402050E-04
  7.200000E+01  1.000000E+00  9.985000E-01  7.182964E+01 -2.990854E-01 -3.174397E+02 -2.459092E+02 -1.526717E-03
  8.000000E+01  1.000000E+00  9.987000E-01  7.124218E+01 -3.032518E-01 -3.168478E+02 -2.459089E+02 -2.337072E-03
  8.800000E+01  1.000000E+00  9.986000E-01  7.069312E+01 -3.021141E-01 -3.162985E+02 -2.459075E+02 -6.822496E-03
  9.600000E+01  1.000000E+00  9.984000E-01  7.020737E+01 -3.033349E-01 -3.158110E+02 -2.459070E+02 -8.643091E-03
  1.040000E+02  1.000000E+00  9.975000E-01  6.979559E+01 -3.012082E-01 -3.154019E+02 -2.459075E+02 -6.930240E-03
  1.120000E+02  1.000000E+00  9.965000E-01  6.947868E+01 -3.010697E-01 -3.150848E+02 -2.459072E+02 -7.967399E-03
  1.200000E+02  1.000000E+00  9.972000E-01  6.926215E+01 -2.989263E-01 -3.148703E+02 -2.459070E+02 -8.502642E-03
  1.280000E+02  1.000000E+00  9.971000E-01  6.916134E+01 -3.015789E-01 -3.147650E+02 -2.459053E+02 -1.428964E-02
  1.360000E+02  1.000000E+00  9.971000E-01  6.916844E+01 -3.004252E-01 -3.147724E+02 -2.459044E+02 -1.719488E-02
  1.440000E+02  1.000000E+00  9.966000E-01  6.928826E+01 -3.004481E-01 -3.148922E+02 -2.459044E+02 -1.703179E-02
  1.520000E+02  1.000000E+00  9.963000E-01  6.951860E+01 -3.017712E-01 -3.151207E+02 -2.459038E+02 -1.898598E-02
  1.600000E+02  1.000000E+00  9.962000E-01  6.984983E+01 -3.015668E-01 -3.154503E+02 -2.459020E+02 -2.494054E-02
  1.680000E+02  1.000000E+00  9.960000E-01  7.026565E+01 -2.968820E-01 -3.158701E+02 -2.459013E+02 -2.716542E-02
  1.760000E+02  1.000000E+00  9.958000E-01  7.076405E+01 -2.983755E-01 -3.163662E+02 -2.459005E+02 -3.000296E-02
  1.840000E+02  1.000000E+00  9.956000E-01  7.132064E+01 -2.991336E-01 -3.169214E+02 -2.458999E+02 -3.193921E-02
  1.920000E+02  1.000000E+00  9.952000E-01  7.191911E+01 -3.020913E-01 -3.175165E+02 -2.458995E+02 -3.326551E-02
  2.000000E+02  1.000000E+00  9.946000E-01  7.252931E+01 -2.987148E-01 -3.181297E+02 -2.458991E+02 -3.443369E-02
  2.080000E+02  1.000000E+00  9.944000E-01  7.313961E+01 -2.998749E-01 -3.187381E+02 -2.458984E+02 -3.693651E-02
  2.160000E+02  1.000000E+00  9.943000E-01  7.371867E+01 -2.974357E-01 -3.193186E+02 -2.458973E+02 -4.034739E-02
  2.240000E+02  1.000000E+00  9.942000E-01  7.425291E+01 -3.017893E-01 -3.198483E+02 -2.458971E+02 -4.099681E-02
  2.320000E+02  1.000000E+00  9.939000E-01  7.470769E+01 -2.997113E-01 -3.203057E+02 -2.458978E+02 -3.895176E-02
  2.400000E+02  1.000000E+00  9.938000E-01  7.507218E+01 -2.994557E-01 -3.206722E+02 -2.458995E+02 -3.337694E-02
  2.480000E+02  1.000000E+00  9.937000E-01  7.533003E+01 -2.972575E-01 -3.209322E+02 -2.458995E+02 -3.333488E-02
  2.560000E+02  1.000000E+00  9.933000E-01  7.547247E+01 -2.981330E-01 -3.210748E+02 -2.459005E+02 -3.000419E-02
  2.640000E+02  1.000000E+00  9.931000E-01  7.549190E+01 -2.973257E-01 -3.210939E+02 -2.458993E+02 -3.392413E-02
  2.720000E+02  1.000000E+00  9.924000E-01  7.538664E+01 -2.983233E-01 -3.209884E+02 -2.459001E+02 -3.134452E-02
  2.800000E+02  1.000000E+00  9.925000E-01  7.515864E+01 -2.961594E-01 -3.207629E+02 -2.459004E+02 -3.027399E-02
  2.880000E+02  1.000000E+00  9.923000E-01  7.482333E+01 -2.963079E-01 -3.204270E+02 -2.459000E+02 -3.153653E-02
  2.960000E+02  1.000000E+00  9.916000E-01  7.439559E+01 -2.991164E-01 -3.199952E+02 -2.458988E+02 -3.562986E-02
  3.040000E+02  1.000000E+00  9.918000E-01  7.388311E+01 -2.974157E-01 -3.194854E+02 -2.458997E+02 -3.244306E-02
  3.120000E+02  1.000000E+00  9.918000E-01  7.331594E+01 -2.973621E-01 -3.189184E+02 -2.458998E+02 -3.222742E-02
  3.200000E+02  1.000000E+00  9.917000E-01  7.271486E+01 -2.978523E-01 -3.183164E+02 -2.458993E+02 -3.371995E-02
  3.280000E+02  1.000000E+00  9.914000E-01  7.209741E+01 -2.957772E-01 -3.177027E+02 -2.459011E+02 -2.797612E-02
  3.360000E+02  1.000000E+00  9.898000E-01  7.149675E+01 -2.996286E-01 -3.171005E+02 -2.459034E+02 -2.048108E-02
  3.440000E+02  1.000000E+00  9.912000E-01  7.092151E+01 -2.949332E-01 -3.165319E+02 -2.459054E+02 -1.402258E-02
  3.520000E+02  1.000000E+00  9.905000E-01  7.040724E+01 -2.951146E-01 -3.160171E+02 -2.459050E+02 -1.511145E-02
  3.600000E+02  1.000000E+00  9.906000E-01  6.996312E+01 -2.951452E-01 -3.155738E+02 -2.459058E+02 -1.243147E-02
  3.680000E+02  1.000000E+00  9.901000E-01  6.960934E+01 -2.974386E-01 -3.152169E+02 -2.459050E+02 -1.532665E-02
  3.760000E+02  1.000000E+00  9.904000E-01  6.934886E+01 -2.955391E-01 -3.149580E+02 -2.459047E+02 -1.619620E-02
  3.840000E+02  1.000000E+00  9.899000E-01  6.919838E+01 -2.970427E-01 -3.148057E+02 -2.459044E+02 -1.722430E-02
  3.920000E+02  1.000000E+00  9.899000E-01  6.915870E+01 -2.961615E-01 -3.147649E+02 -2.459023E+02 -2.394560E-02
  4.000000E+02  1.000000E+00  9.897000E-01  6.922981E+01 -2.964046E-01 -3.148367E+02 -2.459033E+02 -2.064926E-02
  4.080000E+02  1.000000E+00  9.898000E-01  6.941275E+01 -2.972143E-01 -3.150191E+02 -2.459036E+02 -1.992286E-02
  4.160000E+02  1.000000E+00  9.891000E-01  6.969824E+01 -2.950259E-01 -3.153059E+02 -2.459027E+02 -2.268102E-02
  4.240000E+02  1.000000E+00  9.890000E-01  7.008021E+01 -2.962718E-01 -3.156879E+02 -2.459039E+02 -1.867980E-02
  4.320000E+02  1.000000E+00  9.886000E-01  7.054487E+01 -2.971276E-01 -3.161523E+02 -2.459046E+02 -1.660540E-02
  4.400000E+02  1.000000E+00  9.885000E-01  7.107502E+01 -2.965646E-01 -3.166835E+02 -2.459050E+02 -1.507101E-02
  4.480000E+02  1.000000E+00  9.884000E-01  7.164971E+01 -2.917604E-01 -3.172629E+02 -2.459049E+02 -1.536308E-02
  4.560000E+02  1.000000E+00  9.882000E-01  7.225945E+01 -2.940402E-01 -3.178700E+02 -2.459046E+02 -1.662997E-02
  4.640000E+02  1.000000E+00  9.879000E-01  7.287162E+01 -2.944745E-01 -3.184824E+02 -2.459052E+02 -1.443871E-02
  4.720000E+02  1.000000E+00  9.880000E-01  7.346797E+01 -2.963806E-01 -3.190770E+02 -2.459054E+02 -1.389382E-02
  4.800000E+02  1.000000E+00  9.877000E-01  7.401998E+01 -2.934842E-01 -3.196306E+02 -2.459041E+02 -1.820304E-02
  4.880000E+02  1.000000E+00  9.875000E-01  7.450773E+01 -2.942079E-01 -3.201208E+02 -2.459073E+02 -7.558556E-03
  4.960000E+02  1.000000E+00  9.874000E-01  7.491733E+01 -2.975509E-01 -3.205279E+02 -2.459081E+02 -4.936897E-03
  5.040000E+02  1.000000E+00  9.872000E-01  7.521993E+01 -2.922807E-01 -3.208349E+02 -2.459072E+02 -7.807676E-03
  5.120000E+02  1.000000E+00  9.872000E-01  7.541702E+01 -2.948816E-01 -3.210289E+02 -2.459067E+02 -9.550869E-03
